12
1157
1629
560
422
1091
1461
650
1600
338
577
935
1300
390
1081
1376
952
1164
900
377
803
1312
250
554
439
101
255
1619
719
903
1108
36
1293
716
752
281
69
1435
620
1124
1395
571
1597
135
71
430
1523
1252
283
1089
1605
356
1231
965
1251
1438
764
629
1441
610
937
1603
22
1436
924
1047
530
682
974
971
745
364
1249
1070
1541
733
838
365
256
130
158
405
1620
440
545
729
427
726
208
849
897
698
1407
856
206
1202
762
631
810
1114
1020
220
1151
363
747
1613
604
396
100
128
855
1579
251
1208
582
718
279
455
470
640
368
1107
1171
172
165
1366
184
146
694
1615
181
1607
877
960
163
51
1460
1118
643
1320
1225
1217
637
334
465
958
476
1398
337
570
783
1342
157
835
1451
879
813
933
785
213
761
936
1068
111
450
787
1437
1406
96
1454
653
1465
136
280
33
798
538
809
1302
572
19
526
1095
909
642
147
1170
648
183
428
556
1259
1371
201
275
192
1379
758
1369
348
939
1094
663
76
795
1315
854
270
833
532
1434
1543
1491
1478
941
794
382
1090
425
2
1195
664
651
92
575
518
893
1082
1569
1484
1614
1572
1382
1486
647
706
463
574
411
1150
808
257
1229
1291
203
841
423
1389
308
675
80
1154
1079
562
1415
1121
1595
1515
1189
1116
1103
1420
890
969
1063
885
697
9
167
54
1009
1459
1537
232
717
1203
1062
113
173
714
652
946
1011
489
29
1578
1136
1232
1556
418
413
349
274
314
1547
1301
591
433
179
205
1456
815
319
75
1573
77
1152
730
1105
1248
1493
415
1617
1558
1280
26
296
1134
517
1060
62
1242
1001
1173
1308
1071
1598
907
868
432
1194
768
1122
217
1334
1361
638
1207
513
1123
200
516
1050
260
1517
424
506
480
531
1627
457
555
1322
972
645
362
286
473
317
246
1221
980
1374
1125
395
720
284
550
335
763
523
72
103
1474
333
1624
1290
982
1495
593
614
875
124
521
1336
749
1555
1135
444
1224
775
454
409
1604
1348
139
804
278
649
1127
883
1177
676
214
310
1409
1442
6
89
1448
1051
169
403
1092
688
438
490
41
144
282
327
456
1016
743
536
832
18
1087
711
626
580
1501
57
150
679
766
1384
567
619
416
264
306
229
1422
596
826
1239
190
811
989
1102
1423
658
1247
1100
566
87
1279
588
20
477
1226
1472
692
727
1596
953
1005
699
116
997
1106
1378
1059
869
1577
861
1219
414
503
272
1271
483
973
1201
515
188
1353
1138
1444
86
293
102
615
84
1182
224
923
1469
721
670
316
1481
182
149
28
74
894
244
193
671
1204
1479
871
1487
1534
1260
865
561
14
908
678
329
202
1223
276
862
88
1557
239
426
1270
474
358
709
739
1218
441
31
928
187
221
1612
549
1482
759
922
1588
977
599
1411
199
504
544
1257
482
298
1264
331
665
478
1346
1524
1488
1000
197
265
1295
511
1601
767
800
949
916
603
1035
1323
1419
1276
948
1593
1509
1328
1044
827
659
339
24
151
1078
230
1584
1283
502
1621
959
389
1499
1401
1483
627
222
1450
1210
1500
987
129
1084
981
145
1072
816
1109
449
1075
1088
529
412
1574
481
993
967
410
1363
1498
886
938
1428
1185
1540
912
1214
141
108
950
332
705
1347
1113
1043
1241
110
1240
1365
578
934
471
975
1443
273
1197
940
979
105
595
1507
1421
68
404
860
1131
954
565
851
1431
657
321
59
466
248
777
1019
11
1616
446
161
236
191
843
1402
735
1331
64
786
1413
1445
724
524
660
452
1160
1120
1133
55
557
153
896
898
822
1357
417
1539
1234
48
1343
420
656
1385
1200
1618
1520
583
252
15
235
93
998
755
1418
1546
99
1425
488
1335
1181
1285
61
1412
1399
311
1414
757
1097
792
1462
1516
399
740
793
1359
152
687
522
606
552
90
1156
1587
1258
122
1132
384
1387
1083
1610
47
541
238
1551
1356
1388
1002
301
218
1317
1497
49
850
1235
612
1162
53
636
799
79
559
1362
1609
1128
778
547
617
802
1518
772
1286
1525
677
261
266
1205
1178
1196
1390
1440
1511
1172
723
295
7
1198
1275
1292
347
543
644
1061
406
1149
231
1222
781
873
1338
104
680
1333
1565
955
573
771
1296
1582
134
0
397
177
986
1033
825
880
1349
1184
1086
371
535
1212
548
1494
736
1046
125
1568
1373
186
1277
1521
1591
315
1351
1192
65
91
1535
361
35
291
1227
1038
194
1426
990
21
765
16
1066
846
847
1187
725
927
1268
52
1064
1430
234
625
1175
63
836
360
707
1417
1042
902
1254
943
392
1467
398
957
695
999
32
534
379
899
696
1453
1562
686
1559
5
1111
770
243
142
1628
166
863
931
1545
118
1297
985
546
1027
683
50
807
748
1344
1237
1262
137
1069
94
746
681
635
227
133
1119
176
408
1176
123
618
344
1012
304
233
904
1057
996
245
951
1396
388
963
1158
1332
1010
579
1576
1439
73
601
1021
628
1137
458
839
1180
690
1030
97
350
738
1410
462
867
1550
654
1007
312
240
357
1140
342
1
858
1489
1542
375
819
1298
878
228
1433
138
1530
198
1533
1065
1400
290
1255
1269
889
17
684
1032
1554
691
1424
1470
1458
929
1358
1018
1393
1281
1381
1408
1340
374
689
1261
1148
500
812
1503
326
1147
1101
25
1538
1623
1303
507
1022
994
126
1519
669
581
741
386
1273
487
1167
1163
1386
30
1155
901
568
1304
760
1015
1314
884
223
435
1093
320
1139
1622
624
853
1570
1504
920
1532
1282
419
1040
154
537
1098
528
1475
1330
710
1143
121
592
874
1199
1429
325
485
451
226
253
872
1319
60
1188
1073
1513
882
285
704
1034
461
372
1216
947
387
189
553
58
823
1053
842
178
269
1024
970
107
431
586
918
1391
1159
484
369
1096
210
984
258
46
106
391
1566
1526
1110
1266
1206
267
370
1013
299
131
828
1230
1502
263
378
1141
242
1179
1552
1243
493
171
1608
1549
834
1161
844
1339
1505
1058
1380
1383
1599
892
1306
355
1341
1580
915
400
1256
1324
1052
346
1215
576
737
633
866
479
247
646
1476
1589
498
790
961
1168
56
991
776
289
1571
829
540
1310
774
501
715
995
1244
1594
542
930
1316
120
1327
667
1029
1506
241
756
921
630
495
712
143
641
407
459
114
225
674
1117
655
1397
95
442
132
83
750
876
888
380
209
527
1492
302
1553
300
1364
393
968
919
520
1272
1006
1367
376
1480
569
870
196
788
837
1049
1449
1193
447
1560
956
1512
434
708
824
914
292
468
831
1490
632
336
4
905
1126
109
1008
262
43
367
1080
170
115
1457
514
594
345
661
1077
1307
1004
460
1246
634
1245
1471
1473
1288
911
1405
341
533
734
1522
497
112
1394
728
1048
117
926
472
448
1548
70
1213
797
373
492
1130
917
1368
1318
351
1274
127
1146
85
1567
1452
303
155
852
443
1329
496
1289
1115
1099
848
1186
830
1352
318
845
216
512
621
207
237
1464
394
1485
340
1626
505
1023
584
672
1625
1003
978
857
1377
732
966
366
673
611
353
1372
1590
307
328
1299
722
486
383
1174
1370
607
119
1313
381
259
13
1209
1129
1536
1585
359
469
639
1144
180
992
66
608
1447
796
297
1321
1265
769
156
352
942
731
475
662
1581
467
148
891
44
906
162
1514
713
1496
509
1166
609
1056
1014
254
1039
1036
287
195
1085
175
464
910
887
1031
605
551
702
754
1354
751
1375
913
1183
1294
590
693
1165
1145
1529
1508
1528
204
37
780
1028
1416
744
589
1025
249
1463
525
1112
140
82
1267
668
859
881
539
818
322
1287
38
385
622
174
821
962
983
23
324
288
78
1278
45
1355
1211
305
10
437
453
3
1531
895
1076
323
491
932
309
1169
1455
1284
817
613
508
67
39
401
42
1142
1404
563
1392
1074
215
160
806
1055
8
784
510
805
801
1325
1350
616
164
623
944
494
1583
1228
753
1337
1592
587
277
779
421
1345
1403
1026
40
1563
1191
791
1564
354
1477
1263
1017
964
212
429
1527
1233
1575
98
168
782
1153
1561
1427
600
436
602
1305
703
564
1253
558
1104
219
1468
945
1236
268
1054
1611
499
814
820
1466
700
1309
773
1602
211
598
294
742
1250
1544
271
1510
1190
1586
81
1446
666
1238
159
519
1220
445
701
1311
1326
988
1360
840
976
27
402
1067
789
1037
597
1041
313
330
925
1606
185
34
585
685
1045
1432
343
864
