128
1546
1418
236
1579
1095
526
19
1562
749
182
845
120
867
962
1515
1384
1583
956
831
682
851
1523
30
1058
794
1200
1385
628
1424
299
708
1252
852
86
714
268
1190
1510
271
846
1026
787
795
69
1480
281
763
1147
1514
162
906
44
1101
1025
711
830
523
1059
1627
184
1247
1491
361
88
738
445
142
880
235
167
1431
164
838
284
270
833
285
635
10
1243
208
1069
178
629
1198
521
124
46
71
135
1597
450
1555
193
220
1316
308
990
36
107
586
316
93
399
1456
1145
946
1444
1077
1477
772
797
1592
1601
1529
1602
1210
773
1500
273
509
1381
790
680
443
1076
985
1154
675
683
486
1299
595
945
504
563
1193
553
981
390
717
1203
471
1349
965
733
1541
1070
1249
598
1001
423
925
226
1572
1276
133
112
1334
467
1483
627
222
1450
259
250
14
842
274
908
64
841
762
568
1196
261
1167
1326
1578
1136
1163
1548
525
70
396
1481
175
1463
1238
179
719
43
1108
1074
544
700
219
1214
716
1019
798
1158
1126
1017
770
1111
1451
835
157
1503
942
1115
1624
1273
487
67
168
1337
17
817
393
221
907
336
919
479
365
1346
1354
754
702
783
57
1347
1172
1535
655
1397
1599
1303
414
1447
863
140
1102
1239
258
1518
890
1254
856
97
240
343
995
287
1419
371
1507
1208
943
392
417
1467
398
695
312
1155
111
976
958
1056
769
319
206
684
910
2
1469
174
286
440
1123
85
1259
804
278
597
917
1130
492
132
1089
1094
1422
1485
1534
1220
1277
935
1309
1550
12
1286
741
744
1531
1049
113
173
1436
764
1605
1545
897
849
1092
1173
431
1032
1399
324
1373
827
501
339
24
986
1416
297
924
811
822
48
345
1250
575
368
640
476
614
1084
129
87
134
1289
1258
122
1132
384
1387
1610
47
541
238
1551
1356
1388
1002
301
27
218
1317
1497
49
850
1235
612
1162
53
636
799
864
750
138
559
1362
58
1609
1128
620
315
1351
567
82
397
1513
1338
196
1153
159
1580
1540
1185
736
848
1099
1367
1539
1085
1544
1473
988
1505
341
496
921
607
560
785
149
136
1522
1107
1468
172
1202
699
488
1052
1266
931
76
269
1227
1038
194
1502
98
961
1559
327
696
126
857
1170
1287
1315
564
1226
1271
554
1629
1369
758
1379
192
376
810
462
243
513
11
668
116
237
960
163
25
809
771
840
1543
616
1325
1350
422
1493
916
231
92
1319
427
1081
1333
1565
573
1335
1181
61
793
1585
426
902
1042
1417
707
360
836
63
694
1615
181
1607
877
727
725
623
689
1098
350
650
106
1106
954
557
1331
1434
989
712
1357
898
896
153
55
1133
1120
1160
452
660
1512
1464
596
379
1294
1389
1166
254
1039
1036
746
1047
37
609
566
802
1496
1465
653
1454
96
1406
18
1087
611
751
1375
913
485
1033
1313
630
1366
165
1224
796
272
909
1183
1449
302
147
642
1143
205
103
823
950
1582
102
1232
1521
1435
1593
1509
1328
394
1044
615
1091
1324
41
359
542
1587
1156
90
552
606
1083
813
1377
410
900
200
241
1342
1175
693
1525
1618
993
481
1574
1312
293
332
1506
936
1327
166
1378
1499
389
1035
1216
372
1034
1053
1174
824
1213
125
1596
875
127
706
197
1124
1395
148
1078
151
648
1568
514
1112
812
756
789
352
322
997
966
470
1411
1272
1013
1323
477
673
1148
498
230
590
1023
1404
948
826
859
1029
1110
879
1073
1188
60
305
1606
505
406
1149
1371
183
1165
1096
1144
180
992
66
608
1478
265
251
855
1476
1589
854
602
1410
532
1261
252
1302
1438
1222
781
146
1122
280
530
1517
915
584
672
1625
216
512
839
1180
690
1030
291
983
884
187
342
1429
1199
922
1484
510
1269
1603
1414
1402
1225
843
191
1015
1105
80
937
1020
321
59
671
1204
1408
117
892
239
535
1062
1405
189
415
748
807
1027
50
1307
969
1613
536
23
1263
774
33
1415
1443
1125
484
1461
580
626
745
667
346
381
972
971
873
1352
1348
77
1300
594
507
999
32
1297
264
743
1611
