1565
573
1218
115
170
165
1596
177
343
995
608
66
180
1144
1165
1078
357
982
1457
839
1080
394
1283
648
1170
662
1581
989
856
498
1431
126
671
1479
1204
902
1254
1579
855
1582
1484
118
143
860
1104
1043
596
727
877
1607
181
1615
813
57
397
1118
1028
483
1250
185
12
127
1540
1185
315
1351
290
864
988
84
287
825
1608
1234
829
1430
1553
835
157
632
1255
1313
1338
851
565
258
1464
251
216
7
575
500
294
11
1566
861
532
1248
1
329
870
857
503
1191
42
339
659
827
1373
1597
943
392
383
486
1299
507
69
811
1110
1117
168
245
160
312
241
1066
1160
452
660
669
128
1188
1126
761
958
1342
871
508
986
1323
613
972
1502
122
1258
1587
1156
90
552
606
1083
138
591
1451
243
869
1186
848
1348
1485
71
135
1594
19
1588
640
1426
759
1606
1109
663
1395
230
1214
150
542
359
809
785
496
921
341
942
657
1266
391
318
1275
1569
1052
1064
909
1095
526
1061
28
1051
1577
548
535
1282
695
254
1039
1036
1267
630
637
1447
371
622
1610
1387
384
1132
1559
379
915
672
1417
1042
933
673
1208
1030
368
332
458
1013
620
1498
267
1508
1465
1534
74
116
1516
76
1094
1089
1183
1593
1315
502
1180
690
1410
1128
1609
1362
559
799
636
53
1162
612
1235
49
1497
1317
218
301
1002
1388
1356
1551
238
541
47
1124
398
1467
417
184
491
939
476
570
1025
1169
129
87
1622
1175
952
197
328
828
1466
814
1475
499
1130
917
159
699
56
196
270
470
1422
1174
13
1209
106
858
1177
599
1127
649
261
147
1618
1068
466
755
1238
18
568
58
1455
698
1086
1501
406
370
350
1319
111
607
743
820
4
1024
1368
707
360
836
63
533
1589
1476
646
247
833
726
1207
800
462
798
795
786
1506
916
305
194
1038
92
538
997
725
280
1377
1212
1452
1100
121
1543
546
1115
1336
817
859
1513
351
374
1580
3
1120
1133
55
557
153
896
488
509
24
1614
728
148
1446
239
850
477
1202
1087
913
959
1462
1239
826
1044
1328
1509
25
108
1568
567
82
1344
297
731
475
1146
571
474
410
1067
146
898
1406
1454
653
278
804
163
960
1106
750
1305
260
15
619
561
1493
404
