817
819
536
1278
1277
124
465
826
1628
1195
1393
1392
1390
1389
1444
589
977
377
1279
962
1276
1347
592
187
186
1405
1406
449
93
1180
664
1033
510
512
511
884
885
111
110
822
229
912
1212
659
1570
639
444
464
132
131
130
129
156
432
825
137
1452
482
1590
1622
0
1321
629
628
848
849
996
1629
1607
494
1424
829
1148
702
1189
874
1234
153
152
1266
997
1378
813
663
662
1122
1346
112
1341
799
224
1020
1588
672
1126
476
209
309
980
522
1247
1358
479
1543
1507
586
585
584
843
42
886
887
1373
1372
1370
1030
36
448
1128
1219
1557
945
1514
975
1206
865
690
689
688
1035
109
1089
1270
160
145
151
513
1503
827
576
1502
353
1138
749
748
747
746
745
744
743
753
990
296
154
905
474
1336
1335
394
1348
44
43
1197
180
547
119
860
545
1621
612
202
40
590
631
433
1198
1386
177
158
1331
1208
1296
1402
665
1129
1125
1339
801
228
1168
873
183
182
181
806
505
410
475
837
835
1065
891
1421
1422
1423
1463
1209
142
1394
834
1473
754
752
751
750
901
895
1164
1354
882
883
157
1363
113
965
120
635
961
1133
38
624
1131
1447
171
515
506
469
735
203
201
49
1440
580
205
593
963
964
969
778
777
776
775
773
772
771
770
769
768
766
765
764
763
762
761
760
759
758
757
756
755
39
889
888
700
126
1495
200
146
149
1456
1498
606
456
1058
877
16
565
1369
1136
1581
1579
1072
1578
1315
1316
1600
468
1184
1248
207
118
443
1374
1381
1382
1124
981
401
549
399
398
788
185
709
162
668
717
1599
426
1047
1103
1499
91
833
431
807
1132
967
1087
163
1376
423
1580
1268
1109
1317
881
880
879
878
1297
1179
1178
1177
1176
208
87
337
571
970
175
204
683
1205
573
1486
859
858
223
176
470
869
173
1359
836
1325
454
1076
211
915
1333
384
1501
1465
1091
1319
1016
1163
1490
691
692
693
694
695
696
722
1416
587
230
1303
1408
1597
529
767
460
95
427
1439
595
734
446
445
583
582
581
1026
633
842
437
1462
921
1396
1403
1404
1322
41
532
622
1613
127
697
167
169
170
397
396
134
133
471
1226
1565
343
713
438
518
310
658
