109
719
718
676
111
182
181
180
899
385
503
1340
1201
971
1476
257
436
1529
1256
1264
67
663
46
1044
1155
215
708
707
959
1005
1134
1259
47
1328
490
279
1575
1594
1593
1592
866
1540
165
204
36
1245
35
369
1024
1413
1412
1411
1410
1025
1456
428
1337
370
473
349
126
453
212
854
527
968
1603
906
830
714
268
664
1525
76
366
207
208
1093
929
1487
1145
88
925
1107
57
800
383
382
1123
44
43
42
164
386
509
101
1200
248
861
31
1111
1113
501
715
736
300
1445
281
489
1284
1547
784
1312
1533
569
1446
1585
603
1584
604
649
1416
1013
1181
815
1329
1493
914
251
249
917
1372
1370
654
1573
552
1510
1253
1102
608
13
274
275
646
831
53
75
74
73
72
1587
322
246
1620
1084
231
578
931
1301
334
1407
599
600
601
602
1380
22
519
1106
292
520
682
245
96
1047
792
788
1041
1606
285
286
1042
1309
1459
1310
107
502
1427
1458
1599
298
28
1274
30
1512
553
1582
1571
631
33
671
175
950
1270
1549
904
903
154
153
152
1022
1402
1333
375
1039
1040
1504
1557
1532
1000
1501
1237
541
327
1267
1239
1175
77
561
1436
1435
1434
150
432
637
796
853
1220
1221
1158
1029
478
1394
909
1461
450
446
1122
783
262
885
93
966
976
1628
1195
1424
577
834
655
113
886
887
700
888
889
891
975
1045
163
1610
145
1419
1399
302
94
1001
1429
219
498
1474
356
83
339
1323
191
396
397
1616
1316
1315
1314
1224
49
201
443
1348
515
1602
845
11
1583
972
0
785
1037
1454
1491
1251
277
278
63
56
50
911
90
89
413
323
1112
1002
728
1479
843
584
1193
586
587
827
1453
1396
64
448
698
703
1282
1590
224
120
119
146
380
607
606
456
823
1332
748
749
750
751
752
754
755
756
757
758
759
760
761
762
1611
763
764
765
766
767
768
769
770
771
772
773
1629
1226
990
775
776
1103
777
778
38
848
849
437
1462
825
1091
813
1248
1559
1600
1163
629
628
839
1335
1334
1243
701
1426
1591
1292
1607
1154
1296
1331
1208
1376
3
158
504
172
1299
121
1572
123
95
468
722
1168
1129
910
203
1108
857
858
859
1138
1556
1182
901
420
897
1033
1358
186
1470
205
1567
461
481
23
2
198
197
196
195
1244
98
970
905
338
672
1464
469
1345
133
134
1026
177
820
1609
211
1524
1522
1523
4
310
573
809
223
1087
86
14
816
817
819
723
724
726
738
1385
530
884
883
882
881
880
879
878
128
129
130
131
132
464
869
1526
1017
1070
967
7
1124
471
661
694
681
210
449
1211
699
697
696
695
693
692
691
690
689
688
1257
1346
444
895
1441
247
1417
1421
1422
1423
927
65
1450
1418
455
782
1415
171
170
169
168
167
426
427
1364
1437
1438
1439
1082
828
1378
1209
125
124
389
1395
480
183
1440
1252
1233
185
184
1075
299
372
1104
634
822
492
287
846
37
580
581
582
1347
583
493
5
1167
417
1386
1198
747
746
745
744
743
753
156
1359
622
18
340
1206
151
877
1443
786
709
620
619
618
21
491
635
1205
161
1202
908
472
597
596
575
1098
1097
1095
1105
1374
1260
1311
841
465
381
1321
235
565
39
40
1408
589
588
187
842
1280
1460
1021
1207
1614
1401
1469
470
1361
118
550
1241
1133
576
460
1363
1019
1180
590
1442
1352
1509
579
445
1465
1204
1128
155
1090
1089
1088
1486
1621
1351
807
808
192
188
1444
1119
1389
1390
1391
1392
1393
213
566
112
110
1178
1179
206
1564
969
209
1018
712
178
55
810
811
127
332
173
66
344
1164
1353
1354
1355
1341
1342
962
963
964
965
856
1477
1052
540
979
1080
1079
546
229
1519
998
61
730
679
140
678
677
1050
308
250
60
100
666
667
510
511
1014
1305
1159
529
835
276
1295
1101
311
920
919
916
918
1285
263
105
424
1478
1548
1192
174
254
648
363
1117
6
430
429
70
1203
1169
1379
353
69
812
1338
394
305
12
1281
1030
892
893
913
440
423
1577
