470
315
978
1203
390
155
1551
305
217
420
517
346
216
1133
1170
78
1226
1315
1225
1253
251
1081
1083
1230
1349
159
308
1176
474
1060
1608
524
740
496
1622
655
1430
1409
1410
1411
1412
1413
1196
1118
1327
1525
1542
89
17
273
394
906
1077
1240
1130
438
882
1297
426
1494
335
982
1312
935
1612
542
990
849
848
1365
970
1134
157
808
220
1442
890
887
1051
1381
832
51
376
1403
322
1404
364
1120
936
260
434
1513
1483
1505
167
116
641
1068
1067
1064
19
149
140
1395
297
1248
430
592
1367
560
1357
1378
989
485
484
486
1419
63
1084
787
1337
193
1012
1244
609
416
1175
177
704
1027
959
1626
1031
304
954
204
1087
1125
1624
791
625
1082
1356
1549
1239
1422
840
84
1331
280
1502
309
1461
450
874
1340
666
667
1114
962
951
984
727
1129
460
985
108
1171
144
589
588
905
171
170
169
168
463
712
1056
1055
290
1309
1354
1174
839
963
419
883
124
125
1209
1536
395
488
1235
234
1467
523
1576
850
1546
1517
241
1185
1210
539
528
1135
1485
876
1518
1313
1101
1099
1100
106
1396
659
817
32
731
1008
685
1527
185
1352
163
991
1559
190
126
1610
429
444
1342
656
1432
1238
248
564
238
1291
1160
1015
147
148
489
3
1098
967
748
749
971
513
71
894
1424
1149
734
1314
845
1436
472
201
614
1376
1270
635
373
266
1303
1150
44
42
162
557
1296
384
1599
1043
232
1048
118
825
1397
1094
1166
182
180
1590
316
411
1198
1307
209
154
1053
233
1215
519
448
267
1320
1346
861
1371
1202
1463
653
263
1414
77
1434
811
810
165
899
640
1076
229
516
999
1555
141
340
477
1050
1088
1089
1090
466
362
895
1425
713
397
1402
2
198
146
1384
487
1213
132
623
139
406
1272
1515
1302
357
358
359
360
427
678
1156
332
1037
1563
843
492
1044
436
166
804
834
1465
928
1148
616
617
805
1348
807
206
986
987
507
469
412
1062
744
743
753
591
468
1229
1400
774
773
772
771
770
769
768
766
765
764
763
1611
762
761
760
759
758
757
756
755
754
1168
751
750
1115
34
127
1501
421
1544
1217
25
722
875
256
1110
54
52
896
23
1151
365
435
1602
1116
1173
1318
21
109
580
706
664
1250
1218
431
142
1543
479
820
1023
663
891
1407
325
45
630
38
697
62
1457
1375
658
1421
969
1124
1298
1187
721
408
835
1241
813
196
888
493
783
1366
270
1172
1137
439
847
1
1558
36
983
606
404
1486
1437
966
818
645
1569
798
551
114
1398
1614
93
729
1243
1335
91
1336
342
1011
922
572
227
562
1545
242
243
886
1108
1368
1539
1597
1469
461
215
46
819
6
858
546
137
1003
1516
738
596
345
1450
368
997
265
1028
1387
1388
1462
1216
778
777
776
775
717
716
725
1385
1183
1460
1533
1234
533
638
1249
780
104
932
414
1009
660
15
670
1247
548
955
1139
924
1141
1142
1143
1144
1145
1146
1140
115
974
354
1195
1628
976
657
310
314
313
1623
425
534
205
1534
856
1406
1557
1541
1526
5
107
948
1194
1224
1386
192
505
437
897
1000
58
726
724
1362
186
66
10
1278
240
581
1347
445
446
859
1265
1358
605
504
503
1475
980
857
598
255
1528
462
102
184
556
1363
1416
1181
1468
82
1227
1380
1350
133
134
644
916
739
794
737
306
1024
455
881
880
1147
803
781
1435
531
532
1538
269
293
870
1506
1530
355
1492
1001
288
1553
1091
1600
629
628
1066
946
160
1032
1286
633
239
1535
1097
1061
222
1344
7
1164
403
1258
367
1065
226
68
926
973
676
85
535
1595
626
621
652
272
1601
957
741
495
447
864
1069
1418
710
475
189
1223
343
1222
536
1568
1179
1178
331
1326
318
319
320
1263
1262
1271
213
385
975
341
789
110
195
219
903
577
1621
1560
1487
1503
1096
1453
11
514
1550
399
836
387
386
611
1119
1455
1246
673
705
1306
869
312
993
994
995
790
1256
1500
1191
252
37
69
321
264
508
138
236
582
1417
568
831
1408
405
409
806
443
1030
675
566
1499
372
945
816
1105
1127
1288
1311
1206
1379
868
500
795
1440
491
1591
720
735
929
930
639
1073
643
1071
225
1004
1295
1305
1511
1431
1449
1049
1374
837
590
301
709
117
1562
1190
29
1520
393
392
391
1157
1199
1598
333
298
1208
349
350
1574
1341
53
992
797
422
1470
329
852
1273
1022
122
665
904
1615
972
326
1488
244
1078
824
885
884
152
977
129
130
131
965
1405
1401
224
379
662
1552
979
0
181
998
112
1231
799
199
1180
1232
1618
526
711
871
1153
647
537
538
1441
902
732
677
72
73
75
76
432
1377
95
1343
610
465
597
1006
521
48
1294
259
123
1026
1038
681
1165
1121
594
1113
878
879
1063
153
554
1345
1604
1132
702
407
907
1364
1300
900
214
1452
261
607
584
585
586
587
1010
50
173
1471
352
351
898
1236
348
1472
1473
1508
651
361
143
294
1619
1131
347
1324
1589
1228
544
934
570
558
1057
575
307
1283
1188
120
9
203
838
458
563
1254
622
1316
49
851
1389
1390
1392
1393
745
746
747
1596
742
1086
295
1289
396
682
97
855
8
684
1566
136
1275
100
1281
1280
135
1433
221
452
451
1317
1521
369
1161
960
1287
1325
1122
1428
510
336
1484
324
1045
889
700
827
1025
1330
1446
540
1085
1274
555
1359
1464
1496
872
172
862
103
863
442
441
822
1136
953
636
1466
388
1328
208
158
1059
821
1242
1420
669
1383
679
680
1509
964
529
459
650
271
1290
24
179
400
943
937
938
939
940
941
942
944
151
723
1319
380
210
467
1214
99
235
1482
949
918
156
1255
627
1169
330
1493
615
632
574
559
1007
79
457
499
613
923
1451
1152
1456
401
81
1205
476
1269
328
207
1443
573
1497
1531
92
211
561
1586
793
27
26
1252
642
374
303
802
1018
530
1138
1489
933
402
686
687
1261
471
1092
511
512
59
912
456
1034
1423
1498
1540
1361
1480
833
1293
915
1360
1167
1429
55
844
853
1304
1448
57
20
80
464
688
415
418
947
291
1308
289
1504
1162
1163
1046
952
867
197
194
481
1479
733
567
88
988
1186
1627
338
339
253
87
40
39
258
752
1036
779
814
674
284
483
371
877
1204
683
996
1054
218
958
497
423
543
1074
956
1257
175
283
281
1481
1606
1103
1282
237
317
1033
282
1537
593
1605
525
378
1561
1554
1625
1617
