>Genome1:
14
113
178
233
229
28
17
20
23
239
199
108
220
42
204
69
75
168
161
67
158
174
151
9
148
6
38
11
49
46
163
57
77
122
1
128
191
141
78
211
12
210
88
225
62
35
100
209
123
44
24
146
226
92
240
124
142
156
74
4
173
63
184
73
140
53
137
93
71
139
236
41
97
154
171
45
112
215
51
83
181
40
86
159
169
176
99
189
7
90
172
25
114
187
95
231
234
190
188
195
186
177
207
145
167
131
196
2
157
212
116
223
76
19
118
164
15
91
47
39
33
160
153
227
103
3
193
84
85
70
65
27
166
101
185
230
79
133
30
55
228
13
82
214
221
10
50
218
115
120
198
136
150
8
147
68
183
138
37
242
81
219
94
155
59
32
64
197
106
87
200
52
110
36
241
126
111
180
224
203
127
213
132
170
26
58
222
165
105
206
149
102
31
135
117
182
143
125
129
109
194
152
238
205
232
130
201
96
104
18
56
107
61
208
162
5
144
43
89
121
237
98
80
192
134
217
48
66
243
179
72
235
54
16
60
175
21
34
119
29
216
202
22
>Genome2:
79
133
69
41
202
31
98
237
121
89
99
32
104
225
23
102
95
111
112
215
183
138
108
30
92
140
236
174
158
67
161
46
63
55
34
14
25
172
221
10
179
11
38
144
230
187
213
96
220
201
226
24
107
169
159
214
28
37
242
126
113
93
21
110
182
231
199
224
194
6
228
58
196
131
167
145
207
177
186
116
36
49
59
130
124
18
17
211
216
229
189
135
43
78
163
232
143
152
192
170
105
210
12
82
94
48
66
243
125
13
223
212
157
2
155
165
56
147
68
208
106
204
114
26
178
128
154
35
62
20
72
181
209
64
197
200
101
166
27
65
70
85
84
193
3
103
227
153
160
33
39
47
91
15
164
118
19
76
233
219
81
190
75
148
235
7
71
120
238
205
29
97
109
123
42
73
162
132
88
188
119
4
127
185
87
180
57
5
74
8
150
136
198
149
206
44
52
141
100
117
83
60
218
50
171
115
191
61
146
175
16
203
222
195
217
176
134
51
139
239
173
137
53
86
40
241
184
54
80
90
168
234
77
122
1
156
142
9
151
45
129
240
22
>Genome3:
199
210
12
211
187
100
113
235
75
95
123
44
17
28
217
119
141
194
49
11
38
192
21
175
63
137
213
138
23
202
31
179
13
37
242
190
81
219
94
110
57
142
156
205
238
20
62
73
18
14
214
159
169
176
228
80
93
34
226
204
148
7
71
131
196
2
157
212
223
76
19
118
164
15
91
47
39
33
160
153
227
103
3
193
84
85
70
129
36
65
27
127
166
101
178
221
10
184
54
55
203
230
109
29
222
25
172
130
152
232
143
5
163
239
97
195
105
170
35
50
218
58
111
107
225
209
52
59
154
151
9
241
78
146
240
83
180
79
133
183
68
147
8
150
136
198
161
67
158
174
236
115
87
132
45
234
231
96
140
155
48
66
243
128
1
122
77
4
173
144
125
69
72
88
30
181
40
86
104
43
135
167
145
207
177
186
116
46
61
90
182
6
120
188
114
117
162
41
233
229
134
99
171
42
26
139
208
102
189
53
16
224
60
216
185
89
121
237
98
220
108
206
149
200
24
168
191
165
56
201
32
64
197
106
92
112
215
51
82
124
126
74
22
>Genome4:
171
26
129
238
124
147
4
36
10
221
52
242
77
109
144
78
100
180
66
232
32
170
139
99
59
128
1
122
56
64
68
69
125
80
79
88
57
75
140
87
131
196
179
62
5
194
114
17
28
152
119
42
55
210
211
34
135
24
49
93
96
92
224
155
156
192
148
174
173
214
13
16
18
185
154
177
186
116
97
70
85
84
193
3
103
227
153
160
33
39
47
91
15
164
118
19
76
223
105
157
2
168
175
195
199
181
95
187
94
178
234
48
200
132
82
230
81
113
7
60
23
130
37
133
50
54
101
166
27
65
31
202
240
209
21
43
184
225
40
104
53
137
218
107
208
217
151
9
8
150
203
29
25
172
165
149
206
110
108
216
115
86
134
73
126
182
72
162
189
188
143
201
138
183
38
161
67
158
106
226
14
12
220
102
63
239
41
241
198
136
11
159
169
176
191
204
35
90
205
20
89
121
237
98
207
145
167
142
213
112
219
190
228
61
30
44
163
197
51
6
46
235
117
123
83
146
58
45
215
71
243
236
231
222
229
233
212
120
74
141
127
111
22
