237
42
132
43
152
109
33
71
192
3
60
125
135
21
201
35
182
238
69
133
220
159
166
15
164
171
118
170
24
232
160
19
131
8
47
157
110
203
226
105
56
183
142
49
79
138
90
190
134
130
1
168
162
167
149
111
206
94
208
48
185
210
196
177
234
217
99
40
207
115
139
36
165
137
85
128
120
29
169
179
148
102
214
158
82
83
197
66
97
199
20
64
224
241
16
205
219
151
55
54
233
76
104
22
204
26
10
178
4
74
180
212
227
78
146
239
100
163
0
14
200
51
39
106
209
45
59
50
221
202
218
41
117
187
144
112
18
89
175
116
195
184
211
189
172
236
229
147
98
12
70
31
81
176
126
72
75
7
181
6
129
198
67
65
216
223
68
215
13
2
62
194
191
86
23
143
121
80
103
124
173
95
186
119
17
153
30
127
52
84
88
213
34
155
32
37
228
122
73
77
174
108
11
123
27
222
44
240
154
58
136
141
53
9
150
87
114
96
92
145
107
46
188
230
25
161
156
225
57
231
28
93
235
101
140
38
5
91
113
61
63
193
