>Genome1:
61
125
222
106
141
74
92
173
200
259
72
135
105
207
28
261
262
49
48
22
238
36
18
35
11
21
155
242
258
67
97
41
126
68
235
130
55
270
37
157
112
186
31
25
45
161
32
17
164
13
29
54
187
268
103
237
193
194
195
80
77
88
50
33
255
158
10
108
175
75
183
82
90
263
60
254
69
185
171
86
27
257
139
216
246
120
148
58
79
151
115
198
236
251
83
226
245
24
128
39
2
273
15
12
149
113
114
220
9
46
213
56
127
14
47
133
165
150
123
8
152
57
84
225
26
184
196
241
234
132
267
221
256
129
206
176
143
177
153
100
204
163
172
202
215
98
142
30
102
140
160
272
93
38
212
110
78
203
62
244
16
227
59
6
156
214
266
223
229
101
40
232
96
134
85
94
52
138
162
228
188
145
182
111
95
224
197
66
4
211
65
89
249
42
23
154
209
189
274
34
118
181
76
264
44
170
250
218
131
99
252
190
210
121
167
137
271
233
174
168
53
122
19
217
116
159
87
7
144
43
81
70
107
71
73
169
119
248
91
117
3
230
219
243
192
208
239
265
136
247
260
205
231
269
180
64
178
63
146
240
51
166
5
124
201
147
199
104
253
20
179
191
109
1
>Genome2:
95
215
22
27
30
179
44
107
70
81
43
226
89
134
122
169
135
264
111
120
148
6
156
262
98
166
60
155
21
11
35
75
125
142
271
243
246
190
96
137
2
209
38
212
191
230
68
126
144
202
12
65
53
118
174
194
269
50
180
108
33
103
259
217
151
195
93
92
214
266
182
106
185
76
158
78
149
261
20
210
41
247
102
64
255
154
150
165
133
47
14
127
56
145
235
232
178
104
19
173
170
45
231
253
29
198
245
15
51
168
25
55
233
218
90
73
42
163
273
32
161
160
91
117
3
238
131
199
152
236
8
123
40
101
34
4
207
59
130
159
52
48
23
141
205
112
139
54
13
200
260
268
85
94
228
204
100
153
177
109
143
176
206
129
256
221
267
132
234
241
196
184
26
225
84
57
74
229
223
220
36
97
192
88
115
167
265
5
257
128
49
263
87
46
249
63
17
252
77
213
66
72
172
138
224
79
7
201
124
146
227
16
244
62
147
181
240
188
187
250
140
164
193
110
31
216
203
186
116
272
237
10
136
208
197
162
189
113
171
9
248
67
119
274
58
86
105
183
24
121
69
254
83
251
219
82
239
71
28
39
18
114
270
37
157
175
222
258
242
99
80
211
61
1
>Genome3:
261
32
161
45
12
247
187
106
124
192
36
162
89
173
92
248
63
271
169
80
158
77
243
210
235
68
126
73
76
136
252
205
46
125
69
65
156
135
179
44
230
199
214
266
220
223
229
180
222
175
167
200
13
263
19
108
96
121
79
93
195
67
102
71
185
171
246
190
194
48
97
274
165
150
123
8
236
152
57
84
225
26
184
196
241
234
132
267
221
256
129
206
176
143
109
191
99
145
177
153
66
100
204
141
38
212
82
239
142
197
202
146
5
189
2
209
178
90
233
218
7
55
105
257
9
273
42
54
110
193
164
154
40
75
111
217
10
268
24
188
232
269
50
139
242
258
25
15
237
61
224
240
95
215
265
6
59
207
227
16
244
62
35
11
21
155
130
203
138
249
272
114
113
149
53
60
101
72
91
117
3
28
112
157
37
270
213
183
170
140
144
131
238
22
17
98
260
251
83
122
168
51
133
47
14
127
56
116
39
33
163
41
88
128
29
250
211
87
27
137
115
74
198
119
226
216
49
23
64
20
86
159
264
245
219
254
208
78
231
172
30
43
81
70
107
118
262
181
147
228
103
18
186
31
34
4
174
134
85
94
52
166
120
148
58
160
253
151
259
255
104
182
201
1
>Genome4:
216
75
23
118
99
167
104
207
145
212
38
188
130
115
219
266
270
144
25
187
224
20
252
117
233
134
42
86
151
226
232
112
157
37
4
85
59
22
238
131
71
95
17
79
146
128
36
60
138
165
150
230
121
13
7
210
173
92
90
10
77
113
49
142
32
45
190
51
103
235
185
53
40
205
166
33
101
175
73
97
155
183
78
93
231
199
208
19
172
139
108
127
56
257
109
143
176
206
129
256
221
267
132
234
241
196
184
26
225
84
57
152
8
123
18
136
125
9
137
29
261
260
15
12
141
114
91
228
249
160
202
223
273
63
106
135
178
72
214
274
24
215
193
271
239
204
100
153
177
44
179
61
268
169
76
163
168
82
251
122
254
69
164
217
110
159
248
242
258
227
16
46
191
197
5
2
209
170
34
255
80
259
147
181
262
247
272
30
203
265
83
119
263
182
253
211
28
87
245
218
174
64
156
6
126
89
35
11
21
52
194
96
161
264
105
27
158
62
244
68
243
195
67
186
48
54
39
200
43
81
70
107
14
47
133
171
124
65
120
229
220
102
31
116
98
55
94
58
41
162
192
250
140
237
222
88
154
148
3
149
213
189
269
50
180
240
198
74
236
201
66
246
111
1
