2782
505
1161
238
3352
3003
171
2460
364
187
669
522
1142
1283
995
380
931
3378
1143
327
1599
501
677
2149
3159
203
2475
533
1798
120
549
2081
3320
2048
186
730
1992
3298
208
838
1783
299
1494
3723
2773
1811
305
519
1414
3271
1657
1929
443
2745
1792
750
1428
2750
1628
4068
1092
1100
595
629
1409
1985
2631
42
1713
936
1133
1185
836
548
773
632
2165
2380
2190
3592
3519
3042
1368
2830
454
2404
562
1357
1365
2827
1189
853
3045
1962
2433
3230
1423
1066
1951
887
231
2957
3443
3116
1057
1091
1177
2563
3620
476
3448
3232
3781
183
1515
2421
1024
3946
128
1526
3323
13
735
494
2062
52
3824
3757
1859
2161
1760
469
2863
776
829
160
244
138
1707
3838
404
638
1149
2037
3316
508
994
1512
558
537
990
794
1646
276
744
25
1455
4073
2337
1627
3583
319
815
3780
302
2623
3139
3308
30
224
1282
185
3535
1422
3486
101
806
2788
1151
1922
391
3596
3147
1328
211
589
10
742
2318
945
3451
125
854
2890
122
692
473
610
207
761
3559
1655
1523
1060
944
92
3705
1629
1003
4283
140
124
184
1105
2685
2779
592
1847
1745
797
413
1232
3461
325
2234
405
2518
2413
311
1682
1117
1439
432
36
1858
177
3665
262
1471
1448
346
1059
516
962
1644
1685
2565
1246
672
1719
1358
2332
1800
2959
1078
3336
1534
1948
274
2732
3031
1537
527
357
1215
194
331
2247
2903
1051
285
682
356
39
2511
3054
263
2065
2986
2676
755
114
1308
3422
200
1889
2999
330
304
204
29
2153
3710
126
855
4001
0
1056
2574
3854
4151
3651
875
367
3882
156
1402
525
3
3968
3175
3566
3037
659
4044
1000
1126
3626
904
1016
2808
2852
554
1297
8
306
680
980
1933
441
1845
66
657
9
3944
467
2626
80
864
3717
576
1722
2384
1663
1404
1420
3501
550
600
3368
2071
4136
3188
68
490
18
2799
2052
481
2844
3387
635
1454
1407
279
157
62
4135
2300
1450
22
23
675
1
21
759
1229
2648
35
436
158
472
2428
814
957
2182
1074
1332
2966
729
75
2137
250
4089
3903
2705
1272
1864
1389
3357
26
1683
499
4270
2263
1590
28
2515
2849
3792
1260
408
1535
2911
2068
336
328
1118
723
82
3329
1563
3101
3260
1106
1909
159
70
3499
3062
2100
1705
220
3654
1542
2736
2162
1140
3463
2538
993
3255
1062
1544
2616
616
291
1327
347
37
2793
3438
1344
479
3214
3397
1384
112
133
235
792
323
1606
2268
1122
802
2349
2825
1934
4274
7
480
2412
2250
2267
478
3820
2933
1819
317
782
2359
1040
2576
513
734
541
1709
3029
1456
2659
2265
143
1007
1163
3852
627
2455
793
1184
1945
1012
389
701
591
67
1322
4004
40
168
163
741
2386
455
2660
2470
492
2747
90
2456
3712
1513
2345
1754
3008
3153
785
1556
2326
3808
2011
581
618
129
1010
17
3638
565
377
3256
693
2532
1880
3744
445
1742
271
1770
33
318
93
1647
3030
170
1508
2440
1171
2577
1110
65
3508
196
2715
3679
665
959
1362
3859
249
334
201
4267
324
2889
1729
3910
4087
708
2807
322
372
1424
38
1305
764
1810
1156
2525
1492
3700
3640
1136
1186
349
717
3716
3699
3493
1868
376
1553
1101
1871
3953
1206
471
842
1076
1874
446
488
3466
64
900
3454
1112
2485
1570
1827
46
3295
2955
2737
151
136
3207
2762
1902
3603
385
1071
2322
4163
108
1529
630
1222
119
4010
3793
911
498
865
209
1690
2463
1460
166
483
1115
2689
3951
807
2150
3424
215
540
1195
2054
3050
2157
414
3240
3126
425
1221
3330
1202
1803
399
386
252
4013
1457
371
1438
3043
539
2675
1190
2096
2289
1618
1901
3243
3053
1370
343
2166
3194
1626
369
197
3143
217
1499
1086
3182
58
2744
3074
1223
1755
1461
1231
400
1452
1743
2512
2128
338
2209
1773
597
1598
1226
1395
553
1958
3449
689
1781
1648
2019
1408
179
3653
265
31
493
110
438
1324
716
3646
2172
1192
946
1678
4054
1398
4079
428
2552
398
4286
149
3791
811
3310
1813
2464
1976
2079
3097
1470
1348
1004
538
832
1828
1314
3675
429
1700
281
4273
348
1081
1419
2696
1150
172
241
3522
3587
2314
1785
1862
1649
3992
1954
3874
2738
4211
2895
615
1717
843
1687
1597
524
2336
613
358
2914
199
321
870
965
2207
2009
3996
2235
24
902
2020
2245
1994
1473
79
536
1426
2347
2554
2520
1478
1359
245
1241
587
3878
1247
2843
424
3442
4
3800
142
3435
2621
710
491
2275
280
3973
113
534
1582
598
3631
1144
2098
191
526
182
1910
258
1458
1061
267
1063
20
56
251
778
828
2627
642
2242
117
643
725
4125
269
1672
1545
1350
1822
2122
2348
320
892
614
1032
87
433
1339
98
