734
799
3208
3647
4003
2028
1122
3153
1875
2995
649
209
2627
1777
1737
3193
3064
2748
2129
4152
2013
273
4143
4136
2348
3535
4146
3026
515
1382
3105
1152
163
2524
670
1109
2115
4031
1666
2500
1833
1592
3514
3191
2136
591
2940
363
118
1794
4170
1556
3993
3959
2527
4043
434
3773
2021
1116
4040
2219
4252
1655
793
2724
2074
1179
1955
755
80
3201
2819
205
2837
136
3621
3450
1047
55
3383
4059
2159
3655
554
3246
1439
419
1745
1831
1885
36
466
3570
1319
1340
3294
971
503
3114
3946
1718
2530
3427
2007
4115
516
3786
4082
2567
629
3853
1929
3271
2854
1222
613
2639
2162
1499
2439
1815
476
3620
2563
172
4080
999
2431
3551
3187
203
335
3007
774
3225
1006
1537
1404
157
3415
2406
382
2788
1882
1700
279
1485
676
3405
3269
705
1764
1473
321
2462
3581
1620
1266
957
3716
3333
2974
4149
2976
2354
2149
145
3017
1672
117
1511
3596
391
1922
1151
3158
749
2016
1412
3075
727
4046
3118
2176
400
3212
2514
30
836
2239
300
1482
2006
23
3568
1607
2064
2602
2311
930
4126
3574
3812
917
2820
3748
1372
775
360
1856
3833
1857
651
3660
2131
274
1877
1643
1180
2726
3210
665
1242
1350
3745
2201
3918
3109
1077
2407
3284
3619
3664
1910
2650
2276
3044
745
3009
4091
3004
1812
2030
2061
22
3230
244
699
1475
3607
3809
2303
3167
3180
201
2300
4135
905
2550
3249
1500
2015
1492
830
3001
3854
1520
4114
297
4074
3057
2313
4042
2412
1760
1309
4041
1192
1920
84
546
1325
3892
2591
2824
3799
4113
3565
887
3123
2240
219
2758
424
885
3965
909
1957
3219
3484
3680
2664
2356
1549
33
376
1089
1091
1451
78
2234
3761
1702
2782
2079
3003
2611
3
2876
3220
1586
1883
2864
2707
232
2858
97
1009
426
2979
2561
124
2209
1418
3999
4089
250
4274
101
480
1570
2485
2215
1985
4239
2038
348
170
1508
2440
1171
2577
2660
2470
2373
477
3273
158
3933
4186
1843
4264
1806
3996
783
4104
1723
2840
1913
3241
679
1016
1197
3903
4226
2308
2586
3144
3184
2676
414
2959
1800
2332
1591
4183
3424
1110
802
404
3754
3192
4110
2615
803
373
63
16
1457
2581
3626
3448
2237
2718
1107
2495
519
2382
2677
471
1206
3953
1871
1101
848
2825
1419
1063
1033
3417
2646
241
2747
4111
130
3887
429
3575
364
2460
3263
171
2955
2762
3207
3893
3074
428
4141
724
1068
2600
4048
4079
2913
1786
701
389
1012
1945
3267
1040
834
1420
399
1819
1414
1163
1348
2404
1927
1828
182
1973
4267
1236
4168
3662
3712
3689
860
1185
2359
3067
738
3440
821
3547
1798
619
2447
1411
2490
3475
114
2140
1933
4037
924
2596
2317
2011
2137
422
4227
2491
1775
1839
3930
4086
3983
579
3451
950
3331
292
474
3656
3437
3143
3010
558
3000
1551
3586
1225
2486
96
3276
3668
4132
893
580
454
3684
1421
850
2396
923
4265
3233
2648
2353
919
2346
3512
976
234
1170
2272
1625
411
2522
3724
121
1659
3739
599
3899
3100
1915
3639
1027
2039
2556
4276
2046
3332
2954
89
2721
4161
2174
1890
2982
2027
378
1948
3322
559
2430
246
1664
1629
2806
1149
772
81
2881
1769
3059
140
284
1612
2093
1085
2280
3663
21
27
2842
2106
2461
2224
826
3384
1554
3734
1182
3700
2421
1464
1983
1459
1994
1407
1433
1713
1450
3787
698
1200
744
1604
819
1516
375
2996
1689
3218
66
719
1342
1049
2429
329
1356
2712
1137
3798
3931
2992
1990
2055
467
1435
1675
2912
1749
586
50
3198
3378
1184
2144
2134
2850
1782
585
2212
1154
1738
2389
827
3988
3895
2790
1360
795
3146
191
4062
161
3817
1383
2776
2051
1849
1210
3202
812
1220
965
2408
4098
3627
3819
1250
1565
1353
870
2697
3013
1425
1311
835
2610
2418
2582
3863
3681
1911
852
1441
3482
3519
2158
2978
1669
3288
1099
1766
4148
2145
3432
2399
2681
2811
2172
3496
3630
1652
2232
3486
2511
3024
4123
1025
3828
710
1125
2908
635
1454
838
3678
3429
1859
843
4249
1923
3995
1858
1847
2853
2214
3221
108
3461
2599
2050
3851
1268
4072
3692
1035
1059
2535
3190
2071
4200
4129
3806
683
1886
602
4287
394
4139
435
984
1234
748
496
762
1148
2752
1158
311
442
1682
3603
1698
2458
3824
1153
1292
1061
2993
2592
1297
2894
1527
1899
3240
2971
2122
3794
155
3688
2710
2437
2296
3517
573
1707
3186
280
961
3738
1501
1539
1449
2703
4076
1409
370
2383
3335
3657
2740
3507
1328
1296
552
938
2288
1274
3915
1758
377
1014
3960
6
2192
3326
2961
355
2857
668
920
12
3558
1493
3652
3861
2903
3228
2595
1430
3780
2801
1791
849
899
2171
3465
593
4116
462
1771
2668
2886
1654
3865
4084
3515
646
122
3929
3169
3871
2695
2612
2126
2369
512
4002
180
3140
3370
2566
674
1706
168
2012
1725
368
4022
4207
3964
4100
3196
4016
2054
873
432
1410
653
3891
2365
3709
1056
2222
3998
3304
1002
1509
258
3674
1925
2846
2649
3520
4191
3823
2449
2791
3713
433
637
1312
2997
1735
1001
3200
1941
269
2483
2091
801
3691
1491
3113
2041
1299
4088
639
407
1193
2759
1176
1273
2026
3296
3231
1639
1298
3446
2067
3777
452
2117
3711
2521
623
135
3211
2082
1188
1776
2702
1105
268
184
954
3516
1243
1835
303
3290
1854
600
445
2641
3054
1138
3411
3139
645
981
4219
760
139
266
3756
1979
817
1870
3490
2319
4184
3347
387
3082
3832
4260
2261
859
293
4153
3608
1865
1582
3306
222
1917
1984
3934
45
4173
1354
1739
2939
882
2789
2290
2309
4130
2705
3553
177
2841
3733
2625
598
3313
2229
1626
3116
3443
2868
2102
2265
167
2753
1818
1624
207
68
4014
2493
1841
1111
3232
2295
3825
4212
3404
2501
3536
2343
1384
3521
239
2434
1168
918
4194
393
1336
973
1823
864
77
1357
2680
982
3948
2004
2663
1609
1711
758
2446
2451
4205
384
255
3261
1230
3927
3961
3908
415
1207
4154
2469
1869
3444
3954
2533
1028
3403
669
522
340
2118
2780
456
1307
1476
1098
1621
3459
390
1130
289
4251
3291
2464
296
2390
4217
2020
352
2299
3541
3539
3452
525
3771
1369
131
3805
1566
763
481
3552
3525
4244
3409
2631
944
1709
4259
538
1281
3956
1252
307
2802
3081
3533
3235
406
2116
2391
3185
906
3617
4006
1076
2045
3032
4268
1092
2242
1498
427
642
339
1860
3685
1374
2899
2990
354
457
1143
107
2538
792
1465
2808
3856
2579
3317
2269
1961
3501
1156
265
126
2836
1074
324
2969
3710
449
1332
3334
936
127
1593
1868
2448
1970
865
2113
2416
2364
1958
4271
2669
2717
1757
313
2139
1574
3194
2182
492
1310
1519
2250
2386
2128
4208
1642
3043
3344
4245
691
2981
2103
490
304
3839
3295
1389
2455
1998
1532
729
4024
1634
3393
3618
2656
1583
2480
2036
1747
2661
3022
308
3697
2624
2361
2202
2161
3298
3625
386
4137
1950
2884
2000
2929
1514
3624
3161
1638
3726
1531
694
3658
1632
3502
1385
4172
4195
1472
281
1959
788
942
441
1174
359
877
2845
1688
1224
3254
2090
3576
4052
229
3174
3120
1263
1142
2349
3782
505
3183
2294
2551
3781
3343
1600
2554
1478
2520
4093
4049
1693
1113
816
2711
3117
2749
2167
1264
94
648
2580
1114
286
4081
4107
1656
1039
3768
1064
1387
247
1987
3049
1267
1431
2867
1082
1523
1302
227
1240
3363
2593
92
968
3239
3319
1932
1394
2777
3942
4030
4071
2339
1405
1980
2826
1181
3801
3462
1505
4160
3914
1517
3582
2435
1034
2587
4241
4166
2843
1742
231
2609
1351
528
2569
879
1406
465
2179
3222
3767
4134
436
3889
4237
2328
256
894
1717
2247
883
1199
1
2228
3337
4092
3015
3642
1699
3947
901
4095
2471
2728
4109
2541
1432
3464
290
2193
1789
907
3902
1779
3740
3365
1679
3850
2735
2330
4
4060
211
2638
2453
3567
451
1908
1838
210
2426
2336
248
3349
1827
4231
511
206
2352
4061
913
3127
3500
1964
439
3555
2564
751
1773
1178
2856
583
109
20
2519
3094
709
3789
3039
1595
3308
3665
4023
98
978
2671
1701
3023
4235
641
2832
4012
2603
1288
2578
1239
2397
4159
728
3042
658
497
1277
3906
2736
1585
3578
3311
3264
2795
1133
214
1898
112
1219
332
3245
1363
1326
217
3434
951
2467
2281
621
1905
1568
1216
1086
2370
2307
3602
2266
1379
2642
3524
3134
2334
781
547
3215
3721
2746
1321
1590
2298
2326
1373
4243
3513
2089
3456
3272
4165
4147
156
3412
3020
2590
1255
3877
3708
1447
3653
3564
120
4010
3793
498
3590
154
1343
3135
3936
2744
58
1117
1648
2508
4262
3720
1596
3562
468
2203
545
655
627
2675
539
3470
2888
650
2622
607
440
1524
2363
3730
473
610
2284
1256
2178
3316
3623
1253
857
3989
1272
185
4206
3338
4174
2104
1891
3885
1884
3560
1361
3286
3869
2034
960
2537
71
2568
1480
2318
287
2029
200
4150
2772
765
2210
2698
1468
543
1803
1202
3330
922
722
1352
4053
1103
4188
1548
540
1346
3110
3755
3386
3018
1561
2704
7
4039
2970
4189
1967
347
2640
478
1448
820
2896
1481
2953
2322
1772
3628
1615
532
1893
2400
1518
605
3800
3242
2701
1942
3776
3278
998
1286
2375
475
1761
997
3672
1924
833
181
1467
566
221
1832
1852
1741
1809
948
2670
3266
1645
2271
3179
2928
4142
125
3441
56
3528
1581
176
3821
3722
761
144
3503
4036
2898
2608
2674
1986
696
3526
1128
908
1802
2436
2722
3138
2304
1169
1146
261
3178
715
815
736
3480
3077
509
1067
105
3142
3006
90
3188
1778
1416
3598
79
4070
1436
747
3632
272
41
3058
3859
225
3159
3732
979
502
4127
536
1426
2821
753
4258
1050
3921
57
784
2617
4128
4106
1557
4177
3537
1750
657
2297
2459
1247
3979
1244
196
1377
1712
1486
733
1836
369
3352
3327
3034
4199
3883
4285
2761
24
2235
2009
148
283
379
3301
3634
2783
277
91
3715
3705
3402
542
2765
3431
631
4099
4220
786
4232
3970
2657
1285
1305
38
1424
372
322
2807
249
708
4087
3910
4203
1729
3027
3566
3214
867
3957
1728
2966
2684
1331
2070
2727
2998
549
1978
1573
977
1873
3926
1221
921
673
3396
714
2177
1559
1892
4240
3549
3315
4145
2601
4035
4140
3675
3609
3012
3592
735
2196
3845
2725
1161
1866
2291
3616
2267
2548
4065
3256
1515
693
1788
1355
1019
3561
1989
1992
2367
2023
34
228
675
2059
2208
2207
1996
3428
3406
790
1784
823
4278
3130
1969
4094
3584
2665
1538
702
494
2546
1696
3873
1931
2285
1248
3529
3556
2751
2532
3408
1415
1966
1390
1057
1658
1041
85
3650
3901
1577
2757
188
2065
872
1031
842
804
500
1053
3671
2156
1540
3152
1237
2306
2584
1145
3615
1245
1166
3736
945
388
95
73
4008
2544
700
1442
807
3951
2689
3164
1115
483
1683
499
1695
4270
2263
4078
3774
28
2515
2849
3792
1260
408
1535
2911
2068
336
328
1118
723
82
3329
1563
3101
3260
1106
1909
824
1793
2100
1705
3654
1542
1635
713
1391
1259
1716
4001
2863
2243
15
1058
2799
3173
1661
969
2871
2630
1155
2477
2278
3831
1887
153
3943
746
4020
2526
2944
137
2924
4157
994
1611
1820
350
1333
2484
1469
3045
2805
3136
1587
1187
3353
460
437
3505
1308
2983
3683
2186
2683
4185
2355
2152
60
889
1261
3213
3410
193
2957
3050
1316
1734
1119
3770
3746
2829
2146
2249
912
4009
3643
2392
4054
732
4021
3611
485
1398
1807
3808
1388
4273
987
2562
1544
2107
4047
3372
4280
1010
2287
162
3638
2368
1826
4163
2457
3126
3414
4069
3255
398
472
900
3342
3769
2472
2190
1287
2739
2476
2499
2075
178
1914
2688
3442
1362
770
3426
2793
1541
2166
3472
1223
1229
1997
3594
3928
3217
2900
2729
874
4105
3673
2381
1140
3463
518
2223
2767
3540
3422
1662
1921
2910
4211
3293
782
2891
4282
2755
2619
1024
1208
1020
1912
4063
438
2057
4210
1241
245
4283
1811
3788
3079
423
65
3763
3686
3070
3945
878
2951
779
947
3749
1790
2032
927
2337
3604
964
3309
2616
4138
3855
3742
2720
2119
4064
2516
1474
2708
4229
3425
3030
1647
93
318
3916
1770
271
2574
3968
3175
3037
659
2636
4044
666
561
614
3375
87
2347
3104
2525
3171
1278
1487
3029
3280
187
1797
541
3585
3966
3875
898
4234
76
2329
4032
2256
4004
2810
3473
4236
4029
257
1445
3224
3090
530
1521
2719
3669
2165
806
2335
2962
4204
61
3325
891
1438
302
3237
1079
29
3813
1345
617
3778
2496
4077
3644
11
3790
3131
1602
276
1897
4238
418
1132
53
2205
3969
1956
395
2679
3176
346
2262
2127
4096
1896
2245
2374
4073
1844
752
4083
2154
4179
2482
3321
809
2847
3369
113
2069
3973
2937
1069
1496
3670
1095
3913
464
3591
2534
3305
1315
3743
3693
2286
2699
2865
717
4027
853
3407
2450
854
2241
3401
2594
1036
3491
2575
4019
2964
2923
396
2572
1552
2110
4193
611
1065
3698
2760
1380
934
2637
2420
1358
1396
3460
175
2542
3455
253
18
4254
1037
1479
4222
3189
2784
2734
1940
1127
2180
1262
3880
2859
260
3292
1434
3834
1878
625
2565
3840
417
3762
3095
3867
2321
2605
988
2540
3661
3195
569
1075
3258
3978
295
4233
3445
2085
523
1550
3829
2798
1211
1466
4218
1052
13
520
3065
2001
4101
1477
3098
1938
3504
2909
2213
574
3886
4058
582
430
2830
3106
224
3750
707
2124
737
3234
3121
2919
2141
2105
1840
3826
1378
3992
1954
3874
2738
310
2148
1720
4151
3679
773
832
1322
1830
3884
3157
314
463
174
2956
2225
3651
3802
3124
1951
1108
1317
2398
940
365
218
3035
2044
3765
3025
1710
2173
1403
2371
654
2220
2024
2150
4171
486
3357
1290
1564
831
626
49
686
3062
3125
1567
366
1446
43
576
1510
1763
2626
2589
3423
2686
551
2017
2827
3810
2033
199
1726
1215
680
1399
2770
2188
4112
3345
929
3265
756
2628
152
3613
3641
678
1443
189
1971
2378
3545
4250
2112
4216
315
4118
1270
1013
4015
1483
3320
2958
3051
3811
1054
3571
1674
2667
2945
1627
1455
740
3250
2781
1837
1194
2351
86
1293
487
868
1617
334
3420
2543
3262
2941
664
841
1895
3359
3606
712
2869
99
2320
3940
1936
345
2014
3165
3563
2848
1359
3014
1703
2414
766
840
2362
504
3543
4017
2338
2454
2633
2547
3055
2043
1944
3226
555
2947
2816
264
2494
3796
1558
146
2930
1576
1314
689
1928
1907
4256
1848
2507
618
3694
72
1231
1017
2073
3841
1120
1881
2822
3612
1935
535
1974
2745
1628
3589
3430
1172
3633
3137
2251
1162
230
330
4124
3073
1850
74
892
1762
846
3093
4279
1780
1456
1386
1926
3324
1506
2198
3181
3707
1619
444
1458
996
3848
2052
3687
2217
1217
888
3842
615
2732
1429
3982
2779
797
1007
4224
2475
1126
1529
2545
2108
3216
1209
2897
3920
902
4228
1733
2653
1212
3287
2189
697
886
2138
2184
2555
3350
3068
4247
3096
2833
1291
421
991
1963
1070
3932
2570
3297
2731
896
2690
1730
1939
695
1295
2377
1903
240
3573
1692
270
2715
4253
2948
822
3702
2766
1008
636
688
2658
2417
2614
1902
2255
2906
624
3227
1562
4121
524
1597
4215
612
397
1320
754
3795
1139
1842
111
17
3950
25
958
2058
64
601
3031
4038
3204
2094
3923
4162
575
581
3646
1364
1919
1062
2444
1365
2972
3554
1879
1618
3731
2289
2168
3967
251
3579
2096
557
837
2275
1525
2040
1282
220
1071
2314
202
1144
1571
1796
4275
1060
2072
3348
933
431
374
3548
2870
3172
2651
869
818
970
1613
1901
1813
195
2130
3323
2081
3252
4033
2218
233
4011
3489
2932
828
1916
2905
3900
3205
1073
634
2053
3881
3282
2315
351
2185
1759
1999
2301
1605
855
2901
1177
959
1427
1005
3676
453
4198
897
2927
3366
3488
2441
2571
3962
2513
4221
2066
2005
3605
2160
3601
2088
110
3820
1157
226
42
943
342
1226
2200
4230
2682
2838
560
3056
1676
2576
425
489
3518
3597
3281
2880
839
3775
2792
2423
3498
2433
1962
3382
470
4067
4176
420
2385
2489
275
3523
4263
1238
4122
1204
2419
640
2264
448
1846
2694
1233
2817
1283
235
4119
2164
531
533
739
357
2257
67
3467
1088
392
1821
4209
2199
2879
37
3085
2999
1228
3659
2862
326
3878
1633
578
1681
1327
1864
4090
534
4192
3522
768
2333
1422
2934
1463
1690
556
725
1853
1976
2943
1861
1072
1937
4050
1580
682
1175
2424
3097
3163
527
1081
1129
1781
690
895
1370
1569
3168
3156
3759
223
1855
1300
608
1257
3719
3815
216
851
3364
3785
2445
3268
2618
3102
4066
1623
2415
3112
2942
2883
2585
3078
2632
3374
1094
652
1673
1834
3395
2047
1022
1579
3747
805
572
2216
825
1748
3890
2410
183
3379
367
1196
1173
2324
880
1488
2583
446
1995
69
2498
1055
995
371
643
493
4013
3941
1490
3223
2366
2238
3963
2597
1121
2157
1349
2394
1606
1112
2743
3622
2818
4007
1504
2889
1044
3358
2768
3735
3132
3170
2503
2814
1453
1751
2402
123
2855
3360
1953
2874
703
3985
633
2539
1641
1993
661
3837
1011
662
1306
51
3753
544
3387
2388
2604
2925
2706
1093
1851
1335
778
3803
798
972
1663
3436
3917
2892
3499
3289
484
3046
1824
1135
2083
1440
2553
671
3367
4051
3346
3814
361
1808
687
3072
3036
3285
4187
1417
316
1894
3253
871
3307
1981
3569
4034
331
1872
128
3339
285
2662
1097
1598
3864
2573
479
143
2652
2823
2259
1657
2687
1043
3340
3391
1330
2797
890
2341
2831
1003
2965
4281
179
151
2885
317
4156
3648
262
3257
789
100
3457
2860
3066
1150
2696
1599
1714
764
2466
3696
341
681
910
1042
385
3052
726
2350
952
506
2733
4277
2851
3952
3053
2048
4005
780
677
743
3677
3729
2221
75
2302
2920
571
3162
2787
1167
19
3614
3494
4261
1246
3394
3479
3011
294
8
3888
2815
1704
4255
2123
3666
1697
863
1423
915
1304
2432
3506
2274
1198
2700
62
3600
628
3772
1123
776
3846
3511
2809
596
52
147
3924
1078
3398
344
1218
667
1755
320
1249
1988
1547
3080
1900
2231
243
2531
2305
2935
2387
1774
992
1906
3879
3764
3433
1329
2098
2425
3572
2598
3704
132
4197
1189
2175
1279
2774
3818
2422
353
963
1032
3703
1045
1575
1756
3028
2292
604
115
356
1294
3145
769
1594
2195
2380
3860
1334
2008
3283
962
447
1444
3766
2504
3807
3071
3866
2409
2723
1276
3557
656
2169
1795
2273
3898
491
1526
3827
3299
2049
2018
3300
3958
2492
1026
44
1393
4180
3797
3987
3166
2936
2916
2904
2282
718
974
1080
1584
876
2133
401
3199
3458
2323
1934
1087
1787
3758
2517
3725
2918
2890
2078
2293
4103
2975
3649
785
2244
3089
2227
402
2813
587
3706
3203
4167
2151
3577
3247
2187
630
4242
1888
1546
413
3492
48
325
1982
829
2629
1653
1046
2977
461
2170
2248
4196
1366
2678
2692
1489
4025
1347
2991
2384
1722
2887
3816
1588
3270
3835
2549
3005
380
856
197
4257
2340
595
3119
4133
3994
4055
2988
990
989
1375
2588
2132
3971
2258
3038
410
953
4201
3303
3122
794
935
323
3312
26
1381
1687
1680
3728
1534
1344
3695
1572
1100
3897
3390
1497
2101
3048
967
2644
2080
949
2872
3690
3047
4102
1862
2963
1460
1649
3872
2246
455
1810
911
550
884
2086
2487
1678
3495
2672
2714
3760
2775
1269
3587
2716
1785
3937
1752
2204
2558
3060
507
3509
333
2659
215
3997
338
796
3449
1874
1503
1930
1141
1746
2077
2505
1083
1732
495
603
2463
932
2878
3542
3583
4056
2135
3243
3373
3063
3371
4214
3904
2268
236
3469
2312
3236
3454
4125
3559
208
3986
2254
1665
731
3849
1947
1313
3356
2277
2344
1946
2973
2474
3925
2060
4286
149
3791
811
3310
204
46
1622
814
3751
3302
3413
2325
306
2938
3361
1743
3336
1507
88
1413
319
35
1816
1323
3182
54
2750
1428
928
1792
2917
0
2427
813
1553
1512
3640
3493
2852
2654
577
1136
684
1186
349
844
2635
1880
3744
514
3088
1889
767
4045
2946
1543
1203
4202
2950
2076
312
1275
3882
2233
2405
3397
2518
1560
980
4057
1972
1603
254
2828
2986
2536
263
4158
488
3466
2737
1668
3981
1767
2211
2022
1090
1545
2019
1195
4085
2552
3757
3838
759
2528
3844
1677
3699
588
1397
1736
1644
3741
2428
3021
3483
2764
3843
2342
4068
3129
2413
1232
721
2613
1461
2153
1637
2989
1805
741
31
150
1030
2481
1160
2010
3091
2512
2915
1201
2155
3447
3474
1015
3355
858
1667
1845
704
443
548
931
3682
660
198
3314
2002
2895
3487
1280
3752
1400
405
975
3107
1686
3822
1338
993
1694
3318
1975
2926
3177
565
1258
4213
2194
4000
562
3453
1214
2401
4225
1023
2763
403
2984
526
3905
4097
3016
3128
3858
1949
810
3991
4120
2372
2183
808
2730
2025
620
3244
1205
2844
381
10
3980
742
2834
1589
2092
1646
3836
606
141
1051
138
2560
955
2056
1765
1616
2634
2778
570
194
3148
3531
1376
3418
1367
2003
730
2666
2206
2316
2121
3907
3894
2163
2502
3206
103
3912
2497
2379
2062
3949
3974
2473
1213
2796
720
685
2488
259
2087
3909
3922
2310
1303
791
3784
926
3103
1227
966
2921
3385
301
916
1096
3595
4190
1863
2111
3976
3497
3478
173
2395
521
1392
104
2327
644
1131
383
903
1968
134
589
1651
2980
3990
2529
2949
2800
119
1124
1608
4026
1066
458
3550
563
1731
39
3154
1685
2960
362
212
2468
3238
937
2606
1018
866
2914
213
622
3919
47
237
2279
238
1715
3635
2952
2465
1513
1754
3008
1533
2345
1555
2376
2095
3530
2403
3083
3599
590
3527
2685
568
757
3155
1724
4144
2861
2621
1368
83
1691
2478
706
2438
847
1289
985
1876
3876
3087
3392
3508
2882
508
609
3631
3099
3468
3588
190
1159
3019
597
946
594
4131
2506
862
1318
1536
2907
4269
941
4075
1495
327
2
2357
983
2236
2197
3084
3209
412
2985
1601
1147
3637
1817
647
1251
2260
1804
3636
3718
3911
1190
3033
3277
3544
592
2673
3274
1719
2097
2873
3804
2643
305
1371
1943
2452
3972
3061
2099
3714
2835
3868
3416
59
5
3935
3701
1048
1684
2794
845
192
1271
711
2479
3380
3896
3351
309
1991
956
3069
3510
986
469
1462
4018
2557
1636
3259
1829
672
2741
1977
1825
2084
3160
1960
2358
2442
2181
3421
1401
3151
2063
482
2142
40
861
9
1952
142
3476
1395
3471
3108
3328
3580
2804
1183
3438
1341
584
3532
2109
3111
3341
459
4248
4169
3115
2035
2693
3857
3275
4175
513
1104
2987
2620
3944
537
616
3870
1799
1650
1528
165
2756
102
343
106
564
2523
2902
129
1631
166
2360
3279
4178
3737
2645
1004
2270
2994
529
3847
3852
2786
3041
4284
2331
3481
2226
1165
1670
3354
1502
787
32
3362
14
1084
1164
939
3593
2031
416
663
4246
1301
1191
2252
358
242
3150
3248
1038
1254
3419
2967
3092
1965
1471
4028
282
3133
3400
1721
2877
4272
2771
800
3546
2623
2769
2893
3399
288
1494
1783
3229
291
1614
4164
771
2742
3779
1610
337
750
3251
517
2655
567
2839
2037
638
2559
2607
2120
1324
3076
1530
3977
450
1000
2875
3147
1021
2510
777
2785
2647
2042
3377
3141
4181
2713
4108
169
1740
1671
3040
2773
3723
299
2709
3862
1235
925
2411
510
3534
4223
133
2283
3538
3389
1437
3645
2754
3667
3381
3197
3975
3439
881
2147
3149
3830
278
160
2114
1904
2931
2230
3610
1522
298
3388
3984
3368
3783
186
632
914
2443
1339
3376
4266
1630
3727
1578
4155
1134
1470
3435
1402
1814
2812
116
3938
692
2803
252
2456
904
2509
1640
3485
1918
1801
1452
164
1822
3717
409
1029
1337
267
3629
2125
2253
3086
2191
3002
3955
1727
1102
1660
2933
4117
2866
2393
716
3477
1753
1284
1867
2691
2143
1265
1708
1484
553
4182
1744
501
2968
1408
3939
875
70
159
2922
1768
